chr1	778569	778817	249	778699	92.42	81.2068	15.5695	75.1172	ATF1_peak_1
chr1	1000796	1000968	173	1000881	57.88	61.765	19.6258	55.9288	ATF1_peak_2
chr1	1471610	1471790	181	1471692	43.87	29.6308	8.97496	24.4232	ATF1_peak_3
chr1	1511941	1512176	236	1512085	43.87	42.0281	14.9583	36.5468	ATF1_peak_4
chr1	1574807	1575021	215	1574917	103.62	135.566	34.8731	128.438	ATF1_peak_5
chr1	1615300	1615504	205	1615396	57.88	76.8936	28.3065	70.8667	ATF1_peak_6
chr1	1658956	1659236	281	1659009	28.01	18.3673	7.2513	13.4733	ATF1_peak_7
chr1	1724322	1724525	204	1724418	34.54	30.322	11.8466	25.0955	ATF1_peak_8
chr1	2180426	2180616	191	2180524	64.41	53.4925	13.0824	47.7931	ATF1_peak_9
chr1	2412494	2412685	192	2412593	55.08	58.8473	18.6923	53.0595	ATF1_peak_10
chr1	3992161	3992306	146	3992201	18.67	7.28745	3.93403	2.9103	ATF1_peak_11
chr1	7771201	7771388	188	7771278	33.61	36.284	15.7301	30.9182	ATF1_peak_12
chr1	9428885	9429135	251	9428991	75.61	89.2543	25.538	83.0271	ATF1_peak_13
chr1	10210425	10210547	123	10210482	13.07	11.3449	7.03455	6.71704	ATF1_peak_14
chr1	11681087	11681238	152	11681162	32.67	29.2728	12.026	24.071	ATF1_peak_15
chr1	11980148	11980522	375	11980431	55.08	58.8473	18.6923	53.0595	ATF1_peak_16
chr1	19210263	19210451	189	19210352	66.28	67.4438	18.4832	61.5406	ATF1_peak_17
chr1	23778328	23778448	121	23778395	16.8	11.4081	6.64296	6.77789	ATF1_peak_18
chr1	26169739	26169961	223	26169833	55.08	58.8473	18.6923	53.0595	ATF1_peak_19
chr1	26408644	26408781	138	26408705	18.67	17.4972	9.83507	12.6256	ATF1_peak_20
chr1	26432211	26432393	183	26432313	59.74	58.9123	17.2569	53.124	ATF1_peak_21
chr1	27725717	27725866	150	27725789	26.14	28.4555	13.5691	23.2767	ATF1_peak_22
chr1	29230876	29231037	162	29230960	41.07	38.0163	13.3147	32.6175	ATF1_peak_23
chr1	31644537	31644902	366	31644649	83.08	95.6125	24.73	89.2786	ATF1_peak_24
chr1	32205546	32205720	175	32205640	39.21	25.522	8.04146	20.4218	ATF1_peak_25
chr1	35641479	35641644	166	35641555	49.48	36.0818	10.0952	30.7186	ATF1_peak_26
chr1	37764407	37764527	121	37764478	18.67	20.0926	11.4361	15.1511	ATF1_peak_27
chr1	38991188	38991324	137	38991260	16.8	14.8226	8.81343	10.052	ATF1_peak_28
chr1	40161189	40161409	221	40161299	100.82	59.5214	8.48489	53.7306	ATF1_peak_29
chr1	42335279	42335429	151	42335376	28.94	23.0554	9.97957	18.0209	ATF1_peak_30
chr1	43974772	43974982	211	43974863	33.61	29.0782	11.5354	23.881	ATF1_peak_31
chr1	44775403	44775578	176	44775492	57.88	53.9763	15.6589	48.2741	ATF1_peak_32
chr1	46719120	46719259	140	46719199	14.94	8.41215	5.31204	3.94462	ATF1_peak_33
chr1	47179153	47179337	185	47179236	52.28	39.4255	10.6553	33.9957	ATF1_peak_34
chr1	51878938	51879063	126	51879006	28.94	17.4984	7.06102	12.6268	ATF1_peak_35
chr1	53238441	53238639	199	53238527	67.21	46.0465	9.74464	40.5026	ATF1_peak_36
chr1	70205530	70205760	231	70205659	45.74	37.0673	11.6855	31.6816	ATF1_peak_37
chr1	84690315	84690443	129	84690344	19.6	16.5198	8.88088	11.6829	ATF1_peak_38
chr1	88684163	88684338	176	88684239	33.61	23.5121	8.65156	18.4637	ATF1_peak_39
chr1	108746534	108746653	120	108746606	26.14	16.4086	6.78455	11.5745	ATF1_peak_40
chr1	109984649	109984789	141	109984722	19.6	10.0802	5.15091	5.5245	ATF1_peak_41
chr1	110407697	110407875	179	110407792	45.74	31.7444	9.34837	26.4805	ATF1_peak_42
chr1	145607924	145608074	151	145608002	25.2	19.6141	8.73489	14.6819	ATF1_peak_43
chr1	148334955	148335074	120	148335009	22.4	16.6943	8.01512	11.8559	ATF1_peak_44
chr1	151909457	151909606	150	151909542	25.2	26.1879	12.5984	21.0686	ATF1_peak_45
chr1	154627916	154628078	163	154627995	33.61	23.5121	8.65156	18.4637	ATF1_peak_46
chr1	155208583	155208702	120	155208643	16.8	13.6963	8.09233	8.96318	ATF1_peak_47
chr1	155308634	155308760	127	155308708	18.67	12.1886	6.55671	7.52244	ATF1_peak_48
chr1	156728771	156728983	213	156728886	42.94	24.8447	7.32355	19.7606	ATF1_peak_49
chr1	186375698	186375866	169	186375775	37.34	23.5306	7.66806	18.4801	ATF1_peak_50
chr1	202927176	202927319	144	202927259	26.14	20.7457	9.04606	15.7791	ATF1_peak_51
chr1	203007203	203007418	216	203007310	56.94	50.6917	14.486	45.0542	ATF1_peak_52
chr1	220046469	220046632	164	220046527	26.14	16.4086	6.78455	11.5745	ATF1_peak_53
chr1	222644198	222644388	191	222644289	40.14	32.6163	10.9417	27.3369	ATF1_peak_54
chr1	223992524	223992752	229	223992639	75.61	92.6462	27.3622	86.3562	ATF1_peak_55
chr1	225999315	225999434	120	225999373	20.54	15.0924	7.69184	10.3129	ATF1_peak_56
chr1	228103249	228103449	201	228103352	56.01	60.3024	19.0035	54.4862	ATF1_peak_57
chr1	228109203	228109425	223	228109308	116.69	112.972	19.6147	106.324	ATF1_peak_58
chr1	228140079	228140323	245	228140221	40.14	39.821	14.6931	34.3847	ATF1_peak_59
chr1	228166083	228166210	128	228166152	17.74	15.9841	9.22078	11.173	ATF1_peak_60
chr1	229508265	229508447	183	229508347	44.81	35.881	11.4521	30.5205	ATF1_peak_61
chr1	235867003	235867173	171	235867101	31.74	30.9586	13.4177	25.7187	ATF1_peak_62
chr1	243101652	243101968	317	243101804	85.88	105.354	28.9609	98.8437	ATF1_peak_63
chr1	244970980	244971100	121	244971041	27.07	14.2995	5.61434	9.54392	ATF1_peak_64
chr1	247406054	247406190	137	247406136	17.74	16.2172	9.36831	11.3959	ATF1_peak_65
chr10	1159653	1159885	233	1159767	38.27	18.4972	5.61054	13.5992	ATF1_peak_66
chr10	17386819	17386994	176	17386901	25.2	33.3081	16.7549	28.0152	ATF1_peak_67
chr10	38402865	38403017	153	38402939	15.87	18.6168	11.3984	13.7128	ATF1_peak_68
chr10	38403131	38403270	140	38403181	15.87	15.8972	9.80792	11.087	ATF1_peak_69
chr10	47553218	47553337	120	47553243	16.8	11.4081	6.64296	6.77789	ATF1_peak_70
chr10	68527415	68527594	180	68527510	29.87	23.9912	10.1553	18.9346	ATF1_peak_71
chr10	69180145	69180336	192	69180227	39.21	30.0967	10.0518	24.8762	ATF1_peak_72
chr10	70404044	70404163	120	70404096	17.74	15.2504	8.75543	10.4633	ATF1_peak_73
chr10	72354890	72355061	172	72354993	25.2	22.2361	10.2362	17.2319	ATF1_peak_74
chr10	73168009	73168173	165	73168071	47.61	23.5026	6.07611	18.4585	ATF1_peak_75
chr10	84139430	84139613	184	84139506	57.88	51.9784	14.7194	46.3161	ATF1_peak_76
chr10	102152246	102152424	179	102152326	35.47	31.5779	12.1578	26.3178	ATF1_peak_77
chr10	112183671	112183847	177	112183770	63.48	90.6485	32.8972	84.3964	ATF1_peak_78
chr10	114938115	114938275	161	114938203	22.4	16.3197	7.80139	11.4899	ATF1_peak_79
chr10	122980557	122980720	164	122980650	28.94	42.7197	21.4167	37.23	ATF1_peak_80
chr10	133689555	133689683	129	133689606	40.14	11.4739	3.4284	6.8399	ATF1_peak_81
chr11	506825	506944	120	506902	14	12.5229	7.5013	7.83588	ATF1_peak_82
chr11	809786	809974	189	809875	47.61	52.4874	18.9878	46.8159	ATF1_peak_83
chr11	4094694	4094874	181	4094790	64.41	42.9009	9.34457	37.4081	ATF1_peak_84
chr11	9364458	9364651	194	9364541	23.34	19.8073	9.5069	14.8699	ATF1_peak_85
chr11	9460692	9460880	189	9460758	15.87	9.31879	5.62321	4.78968	ATF1_peak_86
chr11	10541167	10541305	139	10541255	18.67	12.1886	6.55671	7.52244	ATF1_peak_87
chr11	18634330	18634517	188	18634439	21.47	18.1642	9.20929	13.2802	ATF1_peak_88
chr11	34105458	34105639	182	34105542	38.27	24.5208	7.85476	19.4472	ATF1_peak_89
chr11	60841947	60842154	208	60842050	118.56	161.785	39.8518	154.118	ATF1_peak_90
chr11	61567317	61567441	125	61567382	26.14	16.4086	6.78455	11.5745	ATF1_peak_91
chr11	62805425	62805562	138	62805488	28.94	23.0554	9.97957	18.0209	ATF1_peak_92
chr11	62839533	62839712	180	62839615	46.68	28.6849	7.94589	23.5001	ATF1_peak_93
chr11	63938748	63938899	152	63938843	33.61	36.284	15.7301	30.9182	ATF1_peak_94
chr11	65084070	65084309	240	65084184	39.21	36.7173	13.4024	31.3405	ATF1_peak_95
chr11	65122096	65122272	177	65122185	43.87	34.7042	11.2187	29.3735	ATF1_peak_96
chr11	65570358	65570523	166	65570434	28.01	28.0037	12.5022	22.8341	ATF1_peak_97
chr11	66345059	66345219	161	66345129	33.61	29.0782	11.5354	23.881	ATF1_peak_98
chr11	66421667	66421891	225	66421775	42.94	53.2055	21.9707	47.5136	ATF1_peak_99
chr11	66843355	66843499	145	66843412	25.2	27.0236	13.1023	21.8783	ATF1_peak_100
chr11	67428346	67428559	214	67428442	61.61	57.1981	15.6529	51.4401	ATF1_peak_101
chr11	67508591	67508773	183	67508691	29.87	16.0393	6.17444	11.2271	ATF1_peak_102
chr11	67606811	67606990	180	67606907	42.01	40.6853	14.3359	35.2284	ATF1_peak_103
chr11	68903779	68903951	173	68903863	38.27	24.5208	7.85476	19.4472	ATF1_peak_104
chr11	69444458	69444619	162	69444526	25.2	19.6141	8.73489	14.6819	ATF1_peak_105
chr11	77474282	77474510	229	77474401	29.87	39.3312	19.2951	33.9086	ATF1_peak_106
chr11	111879109	111879250	142	111879208	22.4	10.2238	4.68083	5.65616	ATF1_peak_107
chr11	118359508	118359627	120	118359587	27.07	12.0029	4.67862	7.35247	ATF1_peak_108
chr11	125592520	125592639	120	125592590	15.87	11.9298	7.27139	7.28208	ATF1_peak_109
chr11	126268854	126269202	349	126268957	32.67	36.2907	16.1888	30.9229	ATF1_peak_110
chr11_KI270832v1_alt	36464	36599	136	36527	21.47	21.4658	11.2353	16.4818	ATF1_peak_111
chr12	389535	389691	157	389598	23.34	27.5167	14.1498	22.3665	ATF1_peak_112
chr12	6663329	6663462	134	6663387	31.74	21.4139	8.18481	16.4379	ATF1_peak_113
chr12	6938010	6938156	147	6938073	16.8	14.9606	8.90156	10.1824	ATF1_peak_114
chr12	10613506	10613690	185	10613606	47.61	61.5192	24.3044	55.6899	ATF1_peak_115
chr12	15348641	15348760	120	15348702	14.94	13.5938	8.66093	8.86547	ATF1_peak_116
chr12	31729054	31729192	139	31729108	19.6	16.5198	8.88088	11.6829	ATF1_peak_117
chr12	39538695	39538814	120	39538735	22.4	16.3197	7.80139	11.4899	ATF1_peak_118
chr12	48716672	48716823	152	48716721	28.01	12.7692	4.8342	8.07173	ATF1_peak_119
chr12	49060793	49060920	128	49060838	24.27	21.0132	9.87155	16.0437	ATF1_peak_120
chr12	56468406	56468582	177	56468498	34.54	20.6283	7.10795	15.6689	ATF1_peak_121
chr12	57431001	57431139	139	57431071	14.94	13.5938	8.66093	8.86547	ATF1_peak_122
chr12	57744547	57744676	130	57744603	22.4	20.188	10.088	15.2395	ATF1_peak_123
chr12	76559677	76559813	137	76559741	28.01	26.9581	11.8874	21.8169	ATF1_peak_124
chr12	82358315	82358534	220	82358419	51.34	33.6887	8.72381	28.379	ATF1_peak_125
chr12	89709656	89709775	120	89709711	16.8	13.0416	7.67376	8.33657	ATF1_peak_126
chr12	94459912	94460043	132	94459994	15.87	15.6792	9.67295	10.8739	ATF1_peak_127
chr12	98593543	98593703	161	98593615	35.47	25.6604	9.11831	20.5503	ATF1_peak_128
chr12	107685662	107685825	164	107685750	36.41	26.7525	9.35169	21.6144	ATF1_peak_129
chr12	108562470	108562612	143	108562548	19.6	18.6355	10.1998	13.7303	ATF1_peak_130
chr12	109573154	109573321	168	109573218	34.54	30.322	11.8466	25.0955	ATF1_peak_131
chr12	111841901	111842083	183	111841968	41.07	39.3523	14.0248	33.924	ATF1_peak_132
chr12	112418792	112418961	170	112418872	57.88	39.964	9.8129	34.527	ATF1_peak_133
chr12	116819390	116819524	135	116819430	17.74	15.6484	9.008	10.8436	ATF1_peak_134
chr12	120446292	120446513	222	120446424	105.49	120.775	26.6216	113.996	ATF1_peak_135
chr12	122896119	122896401	283	122896215	38.27	48.6974	20.8018	43.1034	ATF1_peak_136
chr12	123633653	123633868	216	123633778	56.94	43.9965	11.5888	38.4828	ATF1_peak_137
chr12	124914059	124914212	154	124914134	22.4	12.6839	5.85104	7.98962	ATF1_peak_138
chr12	132144250	132144515	266	132144382	90.55	140.561	45.7751	133.324	ATF1_peak_139
chr12	132446012	132446341	330	132446144	48.54	30.6604	8.25706	25.4259	ATF1_peak_140
chr12	132986250	132986433	184	132986340	42.94	40.6853	14.6471	35.2284	ATF1_peak_141
chr12	133181393	133181594	202	133181498	55.08	42.8421	11.2154	37.3502	ATF1_peak_142
chr13	32315408	32315527	120	32315417	12.14	15.1574	9.39658	10.3747	ATF1_peak_143
chr13	44918317	44918447	131	44918402	14.94	12.5229	7.96805	7.83588	ATF1_peak_144
chr13	45341157	45341345	189	45341248	46.68	59.8378	23.8377	54.0417	ATF1_peak_145
chr13	49247812	49247939	128	49247889	24.27	18.4988	8.42373	13.5992	ATF1_peak_146
chr13	102596808	102596940	133	102596863	13.07	11.3449	7.03455	6.71704	ATF1_peak_147
chr14	22918860	22919017	158	22918932	31.74	33.3915	14.8815	28.0941	ATF1_peak_148
chr14	23306664	23306851	188	23306767	46.68	32.8153	9.53507	27.5325	ATF1_peak_149
chr14	24299752	24299940	189	24299838	39.21	49.0274	20.5139	43.4269	ATF1_peak_150
chr14	31561310	31561488	179	31561370	28.94	31.3661	14.9694	26.1132	ATF1_peak_151
chr14	35535305	35535451	147	35535360	18.67	9.25272	4.91753	4.73878	ATF1_peak_152
chr14	50116527	50116674	148	50116612	16.8	14.9606	8.90156	10.1824	ATF1_peak_153
chr14	55027095	55027229	135	55027144	19.6	17.2982	9.36529	12.4437	ATF1_peak_154
chr14	70600618	70600759	142	70600673	18.67	17.4972	9.83507	12.6256	ATF1_peak_155
chr14	90383407	90383526	120	90383449	18.67	17.4972	9.83507	12.6256	ATF1_peak_156
chr14	91510483	91510652	170	91510558	29.87	42.1881	20.8596	36.7036	ATF1_peak_157
chr14	99481309	99481451	143	99481364	26.14	20.7457	9.04606	15.7791	ATF1_peak_158
chr14	99683912	99684031	120	99683931	13.07	11.3449	7.03455	6.71704	ATF1_peak_159
chr14	101948006	101948177	172	101948074	22.4	20.188	10.088	15.2395	ATF1_peak_160
chr14	103629066	103629189	124	103629126	18.67	17.4972	9.83507	12.6256	ATF1_peak_161
chr14	104753038	104753221	184	104753113	28.01	23.0554	9.6684	18.0209	ATF1_peak_162
chr14	105801279	105801401	123	105801331	15.87	9.31879	5.62321	4.78968	ATF1_peak_163
chr14_GL000225v1_random	117689	117866	178	117774	43.87	12.0187	3.45191	7.36801	ATF1_peak_164
chr14_GL000225v1_random	133670	133795	126	133750	47.61	13.1377	3.47206	8.43213	ATF1_peak_165
chr14_KI270846v1_alt	269063	269193	131	269128	16.8	18.5684	11.127	13.6652	ATF1_peak_166
chr15	34101884	34102032	149	34101953	30.81	25.4237	10.6019	20.3262	ATF1_peak_167
chr15	40569256	40569399	144	40569301	36.41	22.5515	7.48135	17.5386	ATF1_peak_168
chr15	40755176	40755366	191	40755259	46.68	45.7272	15.6827	40.1861	ATF1_peak_169
chr15	42548759	42548896	138	42548794	24.27	22.727	10.8927	17.7108	ATF1_peak_170
chr15	50424256	50424449	194	50424361	44.81	21.0171	5.72604	16.0474	ATF1_peak_171
chr15	51681393	51681580	188	51681484	32.67	27.847	11.2242	22.6843	ATF1_peak_172
chr15	60479049	60479171	123	60479113	25.2	19.4072	8.61996	14.4825	ATF1_peak_173
chr15	66386674	66386849	176	66386744	35.47	35.2769	14.2474	29.9338	ATF1_peak_174
chr15	72474220	72474344	125	72474275	22.4	16.3197	7.80139	11.4899	ATF1_peak_175
chr15	72783690	72783893	204	72783783	68.15	98.6613	34.573	92.2784	ATF1_peak_176
chr15	74937953	74938073	121	74938009	22.4	18.619	9.14225	13.7139	ATF1_peak_177
chr15	78872779	78872898	120	78872862	15.87	13.2265	8.11039	8.51264	ATF1_peak_178
chr15	90994590	90994777	188	90994690	18.67	9.25272	4.91753	4.73878	ATF1_peak_179
chr16	740933	741130	198	740965	15.87	9.31879	5.62321	4.78968	ATF1_peak_180
chr16	1309023	1309267	245	1309172	22.4	22.8283	11.7021	17.8062	ATF1_peak_181
chr16	1420668	1420912	245	1420769	40.14	38.0296	13.7136	32.6263	ATF1_peak_182
chr16	1964931	1965083	153	1965018	26.14	20.7457	9.04606	15.7791	ATF1_peak_183
chr16	1971910	1972163	254	1972024	125.09	137.239	25.218	130.077	ATF1_peak_184
chr16	2268043	2268242	200	2268142	57.88	61.765	19.6258	55.9288	ATF1_peak_185
chr16	3283365	3283571	207	3283463	38.27	24.5208	7.85476	19.4472	ATF1_peak_186
chr16	4847364	4847488	125	4847462	13.07	12.259	7.5967	7.5922	ATF1_peak_187
chr16	19067764	19067943	180	19067876	32.67	27.847	11.2242	22.6843	ATF1_peak_188
chr16	20741724	20741933	210	20741822	56.94	60.3024	19.3146	54.4862	ATF1_peak_189
chr16	28822614	28822781	168	28822677	23.34	17.4005	8.11256	12.5346	ATF1_peak_190
chr16	28846344	28846531	188	28846436	31.74	26.6287	10.9131	21.4973	ATF1_peak_191
chr16	48610234	48610364	131	48610297	31.74	26.6287	10.9131	21.4973	ATF1_peak_192
chr16	57447391	57447546	156	57447479	23.34	17.4005	8.11256	12.5346	ATF1_peak_193
chr16	58249883	58250005	123	58249944	17.74	14.1781	8.07613	9.43124	ATF1_peak_194
chr16	67227021	67227207	187	67227109	77.48	79.1246	19.6203	73.0612	ATF1_peak_195
chr16	67562282	67562434	153	67562366	28.94	29.1537	13.6085	23.9524	ATF1_peak_196
chr16	67660752	67660975	224	67660867	39.21	52.042	22.2879	46.3791	ATF1_peak_197
chr16	67893171	67893325	155	67893254	27.07	29.9032	14.0358	24.6886	ATF1_peak_198
chr16	68023151	68023332	182	68023233	49.48	52.4856	18.0271	46.8154	ATF1_peak_199
chr16	71462182	71462332	151	71462253	21.47	20.7636	10.8032	15.7955	ATF1_peak_200
chr16	71809020	71809163	144	71809087	37.34	27.8561	9.58507	22.6894	ATF1_peak_201
chr16	71845846	71846049	204	71845954	70.95	102.358	35.9733	95.9036	ATF1_peak_202
chr16	75555326	75555478	153	75555404	19.6	10.0802	5.15091	5.5245	ATF1_peak_203
chr16	81314814	81315003	190	81314893	43.87	42.0281	14.9583	36.5468	ATF1_peak_204
chr16	85011489	85011608	120	85011566	23.34	17.4005	8.11256	12.5346	ATF1_peak_205
chr16	86555134	86555319	186	86555227	64.41	72.2046	21.804	66.2426	ATF1_peak_206
chr16	88560839	88560989	151	88560908	28.94	23.0554	9.97957	18.0209	ATF1_peak_207
chr16	88570310	88570480	171	88570397	39.21	48.3352	20.1036	42.7458	ATF1_peak_208
chr16	88706350	88706579	230	88706467	72.81	63.413	14.7627	57.555	ATF1_peak_209
chr16	89972738	89972928	191	89972819	24.27	25.6079	12.6356	20.5036	ATF1_peak_210
chr17	782228	782421	194	782326	61.61	74.1908	24.4576	68.2061	ATF1_peak_211
chr17	4143599	4143766	168	4143673	24.27	18.4988	8.42373	13.5992	ATF1_peak_212
chr17	4704074	4704243	170	4704161	31.74	38.1968	17.7931	32.7926	ATF1_peak_213
chr17	7014831	7014950	120	7014882	13.07	13.8407	8.53707	9.1012	ATF1_peak_214
chr17	7252469	7252590	122	7252528	24.27	18.3005	8.31289	13.4128	ATF1_peak_215
chr17	8249198	8249377	180	8249286	42.01	49.8855	19.549	44.2705	ATF1_peak_216
chr17	15999659	15999785	127	15999702	13.07	16.7045	10.0644	11.8638	ATF1_peak_217
chr17	17476886	17477091	206	17476980	68.15	108.386	40.2012	101.821	ATF1_peak_218
chr17	28335418	28335540	123	28335466	14.94	13.5938	8.66093	8.86547	ATF1_peak_219
chr17	28744327	28744478	152	28744409	23.34	17.4005	8.11256	12.5346	ATF1_peak_220
chr17	35587147	35587343	197	35587245	90.55	117.674	32.6965	110.963	ATF1_peak_221
chr17	38825256	38825469	214	38825371	67.21	106.404	39.6584	99.8737	ATF1_peak_222
chr17	39927542	39927739	198	39927642	44.81	56.5026	22.9042	50.7549	ATF1_peak_223
chr17	42833052	42833192	141	42833120	39.21	35.4481	12.7238	30.0978	ATF1_peak_224
chr17	48944761	48944921	161	48944841	29.87	29.3608	13.307	24.1579	ATF1_peak_225
chr17	59565488	59565675	188	59565584	42.01	40.6853	14.3359	35.2284	ATF1_peak_226
chr17	64506677	64506796	120	64506731	16.8	10.2513	5.93437	5.67735	ATF1_peak_227
chr17	70128928	70129050	123	70129012	10.27	11.2983	7.6139	6.679	ATF1_peak_228
chr17	78558469	78558589	121	78558544	18.67	12.1886	6.55671	7.52244	ATF1_peak_229
chr17	80415102	80415221	120	80415156	15.87	17.1152	10.5435	12.2649	ATF1_peak_230
chr17	81119669	81119943	275	81119853	27.07	27.7699	12.7599	22.6111	ATF1_peak_231
chr17_KI270857v1_alt	2860576	2860796	221	2860691	84.95	103.721	28.6497	97.2402	ATF1_peak_232
chr18	97001	97171	171	97072	12.14	10.1966	6.56779	5.63086	ATF1_peak_233
chr18	158447	158642	196	158545	45.74	37.0673	11.6855	31.6816	ATF1_peak_234
chr18	268000	268154	155	268062	38.27	36.0733	13.4499	30.7115	ATF1_peak_235
chr18	1407143	1407316	174	1407226	22.4	24.5034	12.7197	19.4318	ATF1_peak_236
chr18	2571383	2571584	202	2571480	64.41	47.6206	10.902	42.0468	ATF1_peak_237
chr18	2655103	2655227	125	2655126	15.87	9.96971	6.02486	5.41937	ATF1_peak_238
chr18	5238029	5238158	130	5238104	17.74	13.5471	7.67895	8.82657	ATF1_peak_239
chr18	5296871	5296999	129	5296933	24.27	22.727	10.8927	17.7108	ATF1_peak_240
chr18	11851286	11851458	173	11851380	42.94	40.6853	14.6471	35.2284	ATF1_peak_241
chr18	32091770	32091949	180	32091859	21.47	15.2573	7.49022	10.4634	ATF1_peak_242
chr18	57621689	57621879	191	57621867	11.2	9.08008	6.10104	4.57593	ATF1_peak_243
chr18	79069108	79069329	222	79069243	14.94	18.2816	11.3999	13.3945	ATF1_peak_244
chr18	79679688	79679844	157	79679762	23.34	31.643	16.4444	26.3823	ATF1_peak_245
chr18_GL383572v1_alt	139717	139876	160	139809	19.6	26.5549	14.7389	21.4293	ATF1_peak_246
chr18_KI270863v1_alt	122306	122504	199	122411	35.47	56.1463	26.0912	50.4049	ATF1_peak_247
chr18_KI270911v1_alt	137847	138051	205	137944	14	12.5229	7.5013	7.83588	ATF1_peak_248
chr19	984268	984399	132	984333	18.67	18.6474	10.5526	13.742	ATF1_peak_249
chr19	1021626	1021755	130	1021689	38.27	18.4972	5.61054	13.5992	ATF1_peak_250
chr19	1042292	1042450	159	1042381	47.61	50.9935	18.1376	45.3547	ATF1_peak_251
chr19	1275701	1275869	169	1275793	15.87	9.31879	5.62321	4.78968	ATF1_peak_252
chr19	2427512	2427655	144	2427584	25.2	20.0417	8.97421	15.1015	ATF1_peak_253
chr19	2427843	2427965	123	2427917	27.07	12.0029	4.67862	7.35247	ATF1_peak_254
chr19	4791376	4791522	147	4791488	12.14	10.411	6.70183	5.82703	ATF1_peak_255
chr19	5720122	5720241	120	5720179	16.8	10.2513	5.93437	5.67735	ATF1_peak_256
chr19	7488941	7489066	126	7489006	20.54	19.4537	10.3544	14.5274	ATF1_peak_257
chr19	7562910	7563110	201	7563016	32.67	37.36	16.8364	31.9677	ATF1_peak_258
chr19	7629495	7629666	172	7629578	22.4	19.3687	9.59187	14.4459	ATF1_peak_259
chr19	8389899	8390024	126	8389958	25.2	17.2212	7.44451	12.3694	ATF1_peak_260
chr19	9435505	9435662	158	9435581	14	16.6366	9.89618	11.7993	ATF1_peak_261
chr19	9538557	9538744	188	9538651	58.81	63.2351	19.937	57.3813	ATF1_peak_262
chr19	10252079	10252271	193	10252184	64.41	53.4925	13.0824	47.7931	ATF1_peak_263
chr19	10416666	10416854	189	10416763	46.68	38.2629	11.9188	32.8543	ATF1_peak_264
chr19	12696596	12696735	140	12696630	21.47	21.4658	11.2353	16.4818	ATF1_peak_265
chr19	12832507	12832626	120	12832575	24.27	11.8043	5.05424	7.16013	ATF1_peak_266
chr19	13747696	13747960	265	13747795	24.27	11.8043	5.05424	7.16013	ATF1_peak_267
chr19	14006815	14006976	162	14006898	26.14	24.3637	11.1222	19.2945	ATF1_peak_268
chr19	15449913	15450095	183	15449999	30.81	39.7868	19.1601	34.3515	ATF1_peak_269
chr19	16572407	16572670	264	16572499	67.21	76.7802	22.7375	70.7536	ATF1_peak_270
chr19	17351820	17352160	341	17352068	21.47	21.4658	11.2353	16.4818	ATF1_peak_271
chr19	17617480	17617702	223	17617596	21.47	26.5606	14.258	21.4344	ATF1_peak_272
chr19	17932910	17933107	198	17933002	57.88	61.765	19.6258	55.9288	ATF1_peak_273
chr19	18636959	18637124	166	18637032	23.34	29.3671	15.211	24.1637	ATF1_peak_274
chr19	29606155	29606385	231	29606273	53.21	70.0189	26.0624	64.0879	ATF1_peak_275
chr19	34734457	34734648	192	34734565	29.87	19.3689	7.71805	14.4459	ATF1_peak_276
chr19	35612607	35612848	242	35612736	69.08	95.0495	31.8543	88.7237	ATF1_peak_277
chr19	35628926	35629158	233	35629043	116.69	123.88	23.5377	117.05	ATF1_peak_278
chr19	43596297	43596434	138	43596351	24.27	14.5125	6.31779	9.74927	ATF1_peak_279
chr19	44500693	44500858	166	44500786	30.81	34.3355	15.9029	29.0104	ATF1_peak_280
chr19	46428886	46429006	121	46428933	13.07	14.6508	8.99559	9.8828	ATF1_peak_281
chr19	46600922	46601110	189	46600999	23.34	17.4005	8.11256	12.5346	ATF1_peak_282
chr19	47484165	47484359	195	47484266	56.94	60.3024	19.3146	54.4862	ATF1_peak_283
chr19	48619139	48619329	191	48619228	47.61	44.8826	14.8198	39.3561	ATF1_peak_284
chr19	49851049	49851220	172	49851127	20.54	19.5506	10.4145	14.6242	ATF1_peak_285
chr19	50358922	50359088	167	50359002	35.47	31.5779	12.1578	26.3178	ATF1_peak_286
chr19	50476168	50476359	192	50476271	33.61	19.6848	6.92125	14.7507	ATF1_peak_287
chr19	50511478	50511632	155	50511542	33.61	19.6848	6.92125	14.7507	ATF1_peak_288
chr19	50870511	50870684	174	50870595	48.54	45.1747	14.5713	39.6415	ATF1_peak_289
chr19	52028332	52028539	208	52028420	42.01	51.8022	20.6768	46.1434	ATF1_peak_290
chr19	54115664	54115783	120	54115743	11.2	13.6422	8.72879	8.91107	ATF1_peak_291
chr19	55476448	55476670	223	55476524	30.81	25.4237	10.6019	20.3262	ATF1_peak_292
chr19	57240549	57240747	199	57240630	23.34	29.3671	15.211	24.1637	ATF1_peak_293
chr19	57320427	57320548	122	57320500	17.74	15.6484	9.008	10.8436	ATF1_peak_294
chr19	58401336	58401494	159	58401425	17.74	12.9706	7.319	8.26838	ATF1_peak_295
chr1_KI270763v1_alt	113767	114052	286	113902	76.55	61.484	12.9246	55.6573	ATF1_peak_296
chr2	3558288	3558442	155	3558364	29.87	30.5522	14.0328	25.3193	ATF1_peak_297
chr2	10689886	10690072	187	10689986	30.81	34.3355	15.9029	29.0104	ATF1_peak_298
chr2	19348352	19348545	194	19348427	25.2	25.0483	11.9112	19.9603	ATF1_peak_299
chr2	20823044	20823163	120	20823102	24.27	14.5125	6.31779	9.74927	ATF1_peak_300
chr2	24972041	24972171	131	24972124	24.27	18.3005	8.31289	13.4128	ATF1_peak_301
chr2	27489694	27489814	121	27489753	32.67	18.7537	6.73455	13.8461	ATF1_peak_302
chr2	27891202	27891349	148	27891282	27.07	23.8792	10.4745	18.8238	ATF1_peak_303
chr2	28870216	28870421	206	28870317	80.28	60.3058	11.6117	54.4892	ATF1_peak_304
chr2	61888586	61888792	207	61888686	57.88	78.798	29.4387	72.7424	ATF1_peak_305
chr2	68062928	68063105	178	68063038	45.74	31.7444	9.34837	26.4805	ATF1_peak_306
chr2	70142679	70142827	149	70142742	33.61	23.5121	8.65156	18.4637	ATF1_peak_307
chr2	74554375	74554546	172	74554469	32.67	36.2907	16.1888	30.9229	ATF1_peak_308
chr2	95402619	95402755	137	95402704	28.01	31.3661	14.5026	26.1132	ATF1_peak_309
chr2	96010481	96010618	138	96010581	26.14	20.7457	9.04606	15.7791	ATF1_peak_310
chr2	97094807	97094951	145	97094869	18.67	12.1886	6.55671	7.52244	ATF1_peak_311
chr2	105337351	105337573	223	105337487	29.87	19.3689	7.71805	14.4459	ATF1_peak_312
chr2	108719323	108719587	265	108719442	52.28	45.6216	13.3191	40.0814	ATF1_peak_313
chr2	110204968	110205110	143	110205030	27.07	17.3804	7.01792	12.5215	ATF1_peak_314
chr2	113437685	113437832	148	113437757	23.34	23.4404	11.7008	18.3972	ATF1_peak_315
chr2	113603773	113603944	172	113603838	22.4	28.1624	14.8504	22.9912	ATF1_peak_316
chr2	113604138	113604259	122	113604215	13.07	14.5277	8.92709	9.76419	ATF1_peak_317
chr2	113756663	113756818	156	113756741	45.74	37.0673	11.6855	31.6816	ATF1_peak_318
chr2	131105257	131105423	167	131105326	14	17.0931	10.1369	12.2443	ATF1_peak_319
chr2	131492993	131493130	138	131493040	22.4	22.0928	11.252	17.0898	ATF1_peak_320
chr2	142931081	142931213	133	142931135	21.47	21.4658	11.2353	16.4818	ATF1_peak_321
chr2	169584262	169584414	153	169584343	46.68	32.8153	9.53507	27.5325	ATF1_peak_322
chr2	177212633	177212800	168	177212703	29.87	31.8746	14.8424	26.6068	ATF1_peak_323
chr2	189441017	189441160	144	189441082	25.2	15.4524	6.55117	10.6516	ATF1_peak_324
chr2	201642646	201642787	142	201642714	17.74	21.7414	12.6599	16.7489	ATF1_peak_325
chr2	219543916	219544090	175	219544014	23.34	24.2093	12.1688	19.1471	ATF1_peak_326
chr2	233251508	233251655	148	233251568	17.74	16.2172	9.36831	11.3959	ATF1_peak_327
chr2	237085779	237085945	167	237085870	32.67	27.847	11.2242	22.6843	ATF1_peak_328
chr2	240025317	240025476	160	240025384	17.74	16.2172	9.36831	11.3959	ATF1_peak_329
chr2	241637555	241637727	173	241637649	26.14	37.1363	18.4865	31.7498	ATF1_peak_330
chr20	2664131	2664259	129	2664215	26.14	22.6564	10.1262	17.6423	ATF1_peak_331
chr20	3820712	3820856	145	3820813	25.2	27.0236	13.1023	21.8783	ATF1_peak_332
chr20	4221598	4221717	120	4221650	14.94	13.5938	8.66093	8.86547	ATF1_peak_333
chr20	5113019	5113138	120	5113090	19.6	10.0802	5.15091	5.5245	ATF1_peak_334
chr20	18288124	18288277	154	18288203	17.74	14.874	8.51665	10.1014	ATF1_peak_335
chr20	23361925	23362071	147	23361989	21.47	21.4658	11.2353	16.4818	ATF1_peak_336
chr20	31968487	31968666	180	31968589	21.47	28.9927	15.5614	23.8017	ATF1_peak_337
chr20	33811080	33811274	195	33811213	19.6	10.0802	5.15091	5.5245	ATF1_peak_338
chr20	35615696	35615857	162	35615770	21.47	20.7636	10.8032	15.7955	ATF1_peak_339
chr20	35699362	35699520	159	35699432	22.4	24.926	12.9735	19.8405	ATF1_peak_340
chr20	43657418	43657639	222	43657531	48.54	63.2096	24.7712	57.3625	ATF1_peak_341
chr20	45791841	45792020	180	45791935	46.68	38.2629	11.9188	32.8543	ATF1_peak_342
chr20	45972337	45972486	150	45972418	27.07	17.3804	7.01792	12.5215	ATF1_peak_343
chr20	56468540	56468695	156	56468638	31.74	26.6287	10.9131	21.4973	ATF1_peak_344
chr20	63865176	63865342	167	63865276	11.2	10.2872	6.8551	5.71148	ATF1_peak_345
chr20	63980989	63981238	250	63981096	24.27	25.6079	12.6356	20.5036	ATF1_peak_346
chr20	64327595	64327714	120	64327650	16.8	14.9606	8.90156	10.1824	ATF1_peak_347
chr21	6499176	6499380	205	6499289	32.67	43.6926	20.5824	38.1859	ATF1_peak_348
chr21	8204990	8205347	358	8205079	24.27	23.7118	11.4869	18.6573	ATF1_peak_349
chr21	8206308	8206528	221	8206471	13.07	10.1518	6.29208	5.59515	ATF1_peak_350
chr21	8213064	8213212	149	8213134	20.54	14.2141	7.17905	9.46143	ATF1_peak_351
chr21	8217632	8217754	123	8217716	14	11.7901	7.0501	7.15061	ATF1_peak_352
chr21	8249254	8249497	244	8249459	14.94	9.76312	6.16722	5.22476	ATF1_peak_353
chr21	8259588	8259707	120	8259680	11.2	10.6804	7.09423	6.09145	ATF1_peak_354
chr21	8389456	8389575	120	8389526	14	12.1906	7.29699	7.5242	ATF1_peak_355
chr21	8389942	8390131	190	8390039	13.07	8.86683	5.49574	4.37633	ATF1_peak_356
chr21	8395434	8395663	230	8395525	23.34	17.4005	8.11256	12.5346	ATF1_peak_357
chr21	8396085	8396258	174	8396177	12.14	12.9199	8.20974	8.21857	ATF1_peak_358
chr21	8398362	8398516	155	8398448	12.14	11.1167	7.13891	6.50802	ATF1_peak_359
chr21	8414610	8414831	222	8414686	19.6	9.06351	4.63628	4.56842	ATF1_peak_360
chr21	8428113	8428249	137	8428214	20.54	11.5901	5.72797	6.95232	ATF1_peak_361
chr21	8432158	8432523	366	8432381	20.54	16.838	8.74073	11.9958	ATF1_peak_362
chr21	8443857	8443976	120	8443907	12.14	9.9711	6.42641	5.4206	ATF1_peak_363
chr21	42010280	42010429	150	42010333	21.47	15.2573	7.49022	10.4634	ATF1_peak_364
chr21	42879485	42879664	180	42879569	55.08	49.4125	14.0192	43.8077	ATF1_peak_365
chr21	42974503	42974660	158	42974573	40.14	31.2332	10.2852	25.9878	ATF1_peak_366
chr21	43107512	43107709	198	43107593	29.87	24.2325	10.2907	19.1653	ATF1_peak_367
chr21	43659469	43659622	154	43659536	30.81	25.9397	10.8924	20.827	ATF1_peak_368
chr21	43789422	43789626	205	43789526	59.74	64.7125	20.2481	58.8405	ATF1_peak_369
chr21	44339350	44339533	184	44339444	61.61	57.1981	15.6529	51.4401	ATF1_peak_370
chr21	45541822	45541962	141	45541875	18.67	12.1886	6.55671	7.52244	ATF1_peak_371
chr21_KI270872v1_alt	45931	46080	150	46024	14	12.5229	7.5013	7.83588	ATF1_peak_372
chr22	19122420	19122575	156	19122509	28.01	12.7692	4.8342	8.07173	ATF1_peak_373
chr22	19144682	19144849	168	19144794	36.41	14.8223	4.67585	10.052	ATF1_peak_374
chr22	19171567	19171758	192	19171661	99.89	90.2224	16.8142	83.9751	ATF1_peak_375
chr22	19432360	19432479	120	19432418	24.27	13.7767	5.96018	9.0381	ATF1_peak_376
chr22	19627727	19627848	122	19627789	19.6	13.1909	6.86788	8.47893	ATF1_peak_377
chr22	20117162	20117521	360	20117251	43.87	29.6308	8.97496	24.4232	ATF1_peak_378
chr22	21014235	21014364	130	21014291	38.27	18.4972	5.61054	13.5992	ATF1_peak_379
chr22	26483737	26483947	211	26483849	59.74	95.4874	37.9653	89.1564	ATF1_peak_380
chr22	31662193	31662346	154	31662260	25.2	27.0236	13.1023	21.8783	ATF1_peak_381
chr22	38700982	38701149	168	38701078	28.94	31.8635	15.2749	26.5974	ATF1_peak_382
chr22	41621185	41621307	123	41621243	20.54	17.7228	9.28326	12.8465	ATF1_peak_383
chr22	41957756	41957920	165	41957850	27.07	35.9474	17.5448	30.586	ATF1_peak_384
chr22	46035971	46036143	173	46036062	21.47	28.2628	15.1829	23.0909	ATF1_peak_385
chr22	46762489	46762631	143	46762559	28.01	26.9581	11.8874	21.8169	ATF1_peak_386
chr22	50244934	50245153	220	50245034	43.87	42.0281	14.9583	36.5468	ATF1_peak_387
chr22	50508127	50508308	182	50508217	22.4	27.7646	14.6276	22.6078	ATF1_peak_388
chr22_KI270733v1_random	121336	121502	167	121404	18.67	16.895	9.4568	12.0508	ATF1_peak_389
chr22_KI270733v1_random	122140	122301	162	122228	14.94	12.1906	7.75103	7.5242	ATF1_peak_390
chr22_KI270733v1_random	134713	134832	120	134780	14	12.054	7.21279	7.39711	ATF1_peak_391
chr3	8963376	8963562	187	8963460	28.94	29.1537	13.6085	23.9524	ATF1_peak_392
chr3	9986755	9986985	231	9986864	120.42	144.469	30.3556	137.13	ATF1_peak_393
chr3	10026292	10026509	218	10026403	122.29	147.691	30.8223	140.278	ATF1_peak_394
chr3	10321089	10321249	161	10321161	28.94	23.0554	9.97957	18.0209	ATF1_peak_395
chr3	11272311	11272438	128	11272386	36.41	19.3873	6.23446	14.4635	ATF1_peak_396
chr3	16264900	16265107	208	16264997	90.55	98.0014	22.8875	91.6323	ATF1_peak_397
chr3	33718192	33718340	149	33718245	26.14	16.4086	6.78455	11.5745	ATF1_peak_398
chr3	44729501	44729697	197	44729599	42.94	48.1565	18.9402	42.5734	ATF1_peak_399
chr3	44761565	44761770	206	44761672	54.14	56.9439	18.1393	51.1929	ATF1_peak_400
chr3	44976155	44976322	168	44976232	28.01	31.8635	14.7986	26.5974	ATF1_peak_401
chr3	48446590	48446765	176	48446686	26.14	33.8282	16.7107	28.5164	ATF1_peak_402
chr3	48661811	48661947	137	48661869	19.6	25.1747	14.0352	20.084	ATF1_peak_403
chr3	51499930	51500093	164	51500002	19.6	24.9597	13.9214	19.8734	ATF1_peak_404
chr3	52409937	52410131	195	52410027	74.68	109.823	37.8403	103.23	ATF1_peak_405
chr3	53347561	53347687	127	53347611	14.94	12.5229	7.96805	7.83588	ATF1_peak_406
chr3	99817748	99817892	145	99817829	17.74	15.6484	9.008	10.8436	ATF1_peak_407
chr3	119463570	119463715	146	119463626	31.74	21.4139	8.18481	16.4379	ATF1_peak_408
chr3	120742620	120742766	147	120742690	20.54	19.4537	10.3544	14.5274	ATF1_peak_409
chr3	124730359	124730489	131	124730439	17.74	17.5145	10.183	12.642	ATF1_peak_410
chr3	128879392	128879696	305	128879619	36.41	43.5615	18.7034	38.0569	ATF1_peak_411
chr3	141738094	141738224	131	141738142	18.67	17.4972	9.83507	12.6256	ATF1_peak_412
chr3	150546561	150546716	156	150546640	36.41	39.2354	16.1236	33.8145	ATF1_peak_413
chr3	157160125	157160246	122	157160216	24.27	14.5125	6.31779	9.74927	ATF1_peak_414
chr3	160564993	160565125	133	160565067	21.47	21.4658	11.2353	16.4818	ATF1_peak_415
chr3	183428566	183428725	160	183428671	23.34	17.4005	8.11256	12.5346	ATF1_peak_416
chr3	196568503	196568658	156	196568576	42.94	24.8447	7.32355	19.7606	ATF1_peak_417
chr3	196867819	196867967	149	196867883	31.74	26.3703	10.7695	21.2497	ATF1_peak_418
chr3	196942517	196942723	207	196942633	39.21	25.522	8.04146	20.4218	ATF1_peak_419
chr3_KI270779v1_alt	5446	5604	159	5528	17.74	16.2172	9.36831	11.3959	ATF1_peak_420
chr3_KI270924v1_alt	160954	161120	167	161036	11.2	13.6422	8.72879	8.91107	ATF1_peak_421
chr4	499105	499297	193	499185	73.75	102.174	33.9759	95.7299	ATF1_peak_422
chr4	932252	932455	204	932337	17.74	15.6484	9.008	10.8436	ATF1_peak_423
chr4	1410514	1410686	173	1410592	35.47	41.9929	18.2366	36.5162	ATF1_peak_424
chr4	1713019	1713146	128	1713099	22.4	16.3197	7.80139	11.4899	ATF1_peak_425
chr4	2009192	2009358	167	2009273	29.87	30.5522	14.0328	25.3193	ATF1_peak_426
chr4	2418791	2418910	120	2418857	16.8	14.9606	8.90156	10.1824	ATF1_peak_427
chr4	4541919	4542084	166	4542009	35.47	36.4776	14.9481	31.1073	ATF1_peak_428
chr4	8428452	8428575	124	8428511	24.27	14.5125	6.31779	9.74927	ATF1_peak_429
chr4	8440671	8440886	216	8440789	98.95	119.361	29.3976	112.6	ATF1_peak_430
chr4	39366326	39366453	128	39366364	28.01	23.0554	9.6684	18.0209	ATF1_peak_431
chr4	39458857	39459115	259	39458998	67.21	46.0465	9.74464	40.5026	ATF1_peak_432
chr4	53366018	53366144	127	53366094	22.4	16.3197	7.80139	11.4899	ATF1_peak_433
chr4	56387427	56387604	178	56387521	74.68	74.8959	18.9201	68.9019	ATF1_peak_434
chr4	73069748	73069893	146	73069827	31.74	11.3145	4.0924	6.69491	ATF1_peak_435
chr4	73259113	73259261	149	73259194	29.87	32.8437	15.4361	27.5546	ATF1_peak_436
chr4	103019653	103019831	179	103019757	29.87	25.5213	11.0258	20.4218	ATF1_peak_437
chr4	118591616	118591820	205	118591711	110.15	136.775	31.5778	129.619	ATF1_peak_438
chr4	119454559	119454856	298	119454717	153.1	199.308	38.5238	190.5	ATF1_peak_439
chr4	121801250	121801376	127	121801327	37.34	27.8561	9.58507	22.6894	ATF1_peak_440
chr4	121823895	121824058	164	121823970	32.67	31.2227	13.1534	25.9808	ATF1_peak_441
chr4	145098142	145098282	141	145098231	29.87	19.3689	7.71805	14.4459	ATF1_peak_442
chr4	147684120	147684282	163	147684214	21.47	15.6143	7.69543	10.8116	ATF1_peak_443
chr4	152536080	152536310	231	152536226	28.01	18.3673	7.2513	13.4733	ATF1_peak_444
chr4	163166854	163167039	186	163166953	48.54	40.6812	12.3856	35.2284	ATF1_peak_445
chr4	169612530	169612680	151	169612604	26.14	16.4086	6.78455	11.5745	ATF1_peak_446
chr4	190179505	190179649	145	190179641	45.74	9.12131	2.74952	4.6159	ATF1_peak_447
chr5	1345116	1345274	159	1345191	15.87	19.8866	12.0677	14.9473	ATF1_peak_448
chr5	1633952	1634089	138	1634024	16.8	14.9606	8.90156	10.1824	ATF1_peak_449
chr5	1746567	1746738	172	1746650	17.74	16.2172	9.36831	11.3959	ATF1_peak_450
chr5	5422316	5422462	147	5422402	17.74	16.5199	9.5595	11.6829	ATF1_peak_451
chr5	36151097	36151252	156	36151184	36.41	26.7525	9.35169	21.6144	ATF1_peak_452
chr5	37371030	37371185	156	37371095	43.87	25.7904	7.47914	20.6789	ATF1_peak_453
chr5	40798284	40798403	120	40798337	14.94	11.4768	7.28341	6.8426	ATF1_peak_454
chr5	43121427	43121575	149	43121490	28.01	22.1531	9.17886	17.1496	ATF1_peak_455
chr5	61332169	61332288	120	61332206	14	17.0931	10.1369	12.2443	ATF1_peak_456
chr5	62412674	62412850	177	62412776	47.61	54.1049	19.9217	48.4009	ATF1_peak_457
chr5	71455503	71455660	158	71455593	27.07	31.9564	15.2564	26.6877	ATF1_peak_458
chr5	72320245	72320426	182	72320340	29.87	29.3608	13.307	24.1579	ATF1_peak_459
chr5	79514543	79514701	159	79514607	24.27	11.8043	5.05424	7.16013	ATF1_peak_460
chr5	81971923	81972064	142	81971997	17.74	11.2084	6.24554	6.59272	ATF1_peak_461
chr5	100535242	100535361	120	100535300	12.14	15.1574	9.39658	10.3747	ATF1_peak_462
chr5	113513598	113513742	145	113513658	16.8	14.9606	8.90156	10.1824	ATF1_peak_463
chr5	140564507	140564693	187	140564611	36.41	36.6524	14.612	31.2799	ATF1_peak_464
chr5	150701027	150701155	129	150701096	23.34	20.5917	9.97446	15.6342	ATF1_peak_465
chr5	151924711	151924845	135	151924776	15.87	19.8866	12.0677	14.9473	ATF1_peak_466
chr5	160008958	160009119	162	160009017	16.8	13.6963	8.09233	8.96318	ATF1_peak_467
chr5	176870108	176870277	170	176870203	24.27	18.4988	8.42373	13.5992	ATF1_peak_468
chr5	181261074	181261200	127	181261155	17.74	8.44714	4.68416	3.97494	ATF1_peak_469
chr5_GL339449v2_alt	1454002	1454168	167	1454087	25.2	27.0236	13.1023	21.8783	ATF1_peak_470
chr5_KI270791v1_alt	168754	168903	150	168827	20.54	28.2777	15.4067	23.1044	ATF1_peak_471
chr5_KI270897v1_alt	985483	985630	148	985569	21.47	21.4658	11.2353	16.4818	ATF1_peak_472
chr6	2245642	2245785	144	2245697	12.14	13.6127	8.59659	8.884	ATF1_peak_473
chr6	15248670	15248860	191	15248771	39.21	47.6058	19.6709	42.0327	ATF1_peak_474
chr6	17706817	17707049	233	17706939	118.56	99.1935	14.9444	92.7969	ATF1_peak_475
chr6	26596848	26597021	174	26596927	43.87	29.6308	8.97496	24.4232	ATF1_peak_476
chr6	27753176	27753317	142	27753264	18.67	16.895	9.4568	12.0508	ATF1_peak_477
chr6	31972231	31972378	148	31972309	12.14	15.1574	9.39658	10.3747	ATF1_peak_478
chr6	34696882	34697044	163	34696972	31.74	28.0089	11.6926	22.8386	ATF1_peak_479
chr6	34757397	34757553	157	34757493	50.41	32.6708	8.56823	27.3895	ATF1_peak_480
chr6	34888022	34888147	126	34888074	32.67	22.4566	8.41819	17.4459	ATF1_peak_481
chr6	35259393	35259527	135	35259450	18.67	13.4959	7.3396	8.778	ATF1_peak_482
chr6	37433119	37433297	179	37433206	70.95	60.8958	14.3893	55.0745	ATF1_peak_483
chr6	39229388	39229508	121	39229445	16.8	13.6963	8.09233	8.96318	ATF1_peak_484
chr6	41787553	41787746	194	41787642	39.21	38.463	14.3597	33.0517	ATF1_peak_485
chr6	41895290	41895427	138	41895351	20.54	17.7228	9.28326	12.8465	ATF1_peak_486
chr6	41921054	41921264	211	41921167	46.68	56.2013	21.6706	50.4587	ATF1_peak_487
chr6	43059340	43059542	203	43059439	59.74	54.5739	15.1861	48.859	ATF1_peak_488
chr6	49463214	49463345	132	49463301	33.61	11.1278	3.84514	6.51902	ATF1_peak_489
chr6	89819722	89819875	154	89819812	32.67	27.847	11.2242	22.6843	ATF1_peak_490
chr6	90587243	90587408	166	90587326	40.14	46.7866	18.7004	41.2263	ATF1_peak_491
chr6	106325718	106325898	181	106325816	37.34	34.1251	12.7801	28.8058	ATF1_peak_492
chr6	109095429	109095548	120	109095500	19.6	10.0802	5.15091	5.5245	ATF1_peak_493
chr6	125956601	125956767	167	125956674	38.27	42.1659	16.9284	36.682	ATF1_peak_494
chr6	126340011	126340192	182	126340087	35.47	34.1689	13.6094	28.8489	ATF1_peak_495
chr6	139134844	139135053	210	139134988	28.94	23.0554	9.97957	18.0209	ATF1_peak_496
chr6	144095536	144095714	179	144095621	48.54	40.6812	12.3856	35.2284	ATF1_peak_497
chr6	149545989	149546209	221	149546090	110.15	83.4454	12.3504	77.312	ATF1_peak_498
chr6	159726892	159727034	143	159726951	26.14	22.6564	10.1262	17.6423	ATF1_peak_499
chr6	167467981	167468106	126	167468019	19.6	13.1909	6.86788	8.47893	ATF1_peak_500
chr6	169751546	169751708	163	169751632	32.67	50.3134	24.0879	44.6868	ATF1_peak_501
chr6	170024133	170024329	197	170024218	16.8	18.5684	11.127	13.6652	ATF1_peak_502
chr6_GL000252v2_alt	3220016	3220157	142	3220102	14	18.2816	10.7321	13.3945	ATF1_peak_503
chr6_GL000254v2_alt	3314285	3314404	120	3314351	12.14	14.1315	8.8754	9.3867	ATF1_peak_504
chr6_GL000255v2_alt	3227945	3228064	120	3227967	12.14	10.1966	6.56779	5.63086	ATF1_peak_505
chr6_KI270797v1_alt	26721	26917	197	26828	36.41	26.7525	9.35169	21.6144	ATF1_peak_506
chr7	1138312	1138460	149	1138384	29.87	19.3689	7.71805	14.4459	ATF1_peak_507
chr7	1160156	1160460	305	1160237	23.34	17.4005	8.11256	12.5346	ATF1_peak_508
chr7	5513739	5513888	150	5513835	30.81	33.333	15.2912	28.039	ATF1_peak_509
chr7	6104648	6104839	192	6104754	27.07	17.3804	7.01792	12.5215	ATF1_peak_510
chr7	19708993	19709129	137	19709058	23.34	17.4005	8.11256	12.5346	ATF1_peak_511
chr7	23105641	23105795	155	23105700	34.54	33.9132	13.8827	28.5985	ATF1_peak_512
chr7	23181890	23182146	257	23182004	26.14	24.3637	11.1222	19.2945	ATF1_peak_513
chr7	30134662	30134781	120	30134716	12.14	12.9199	8.20974	8.21857	ATF1_peak_514
chr7	30594716	30594857	142	30594795	24.27	22.727	10.8927	17.7108	ATF1_peak_515
chr7	44606403	44606582	180	44606508	37.34	34.1251	12.7801	28.8058	ATF1_peak_516
chr7	44885537	44885720	184	44885626	32.67	37.36	16.8364	31.9677	ATF1_peak_517
chr7	45111656	45111798	143	45111717	56.01	31.4215	7.1263	26.1677	ATF1_peak_518
chr7	45768967	45769176	210	45769069	75.61	99.8571	31.3992	93.4516	ATF1_peak_519
chr7	55366209	55366424	216	55366314	60.68	66.197	20.5593	60.3064	ATF1_peak_520
chr7	55951815	55951936	122	55951885	32.67	15.9754	5.61212	11.1643	ATF1_peak_521
chr7	56882437	56882585	149	56882513	18.67	24.8532	14.0711	19.768	ATF1_peak_522
chr7	63694362	63694536	175	63694455	18.67	24.8532	14.0711	19.768	ATF1_peak_523
chr7	65081280	65081416	137	65081342	24.27	21.8323	10.357	16.8385	ATF1_peak_524
chr7	65770788	65770927	140	65770874	19.6	18.1638	9.9056	13.2802	ATF1_peak_525
chr7	65982198	65982350	153	65982285	30.81	25.4237	10.6019	20.3262	ATF1_peak_526
chr7	66493496	66493719	224	66493607	43.87	22.7298	6.41069	17.7133	ATF1_peak_527
chr7	66628540	66628704	165	66628606	14	8.41215	5.00087	3.94462	ATF1_peak_528
chr7	66844879	66845097	219	66844986	89.62	111.938	30.2056	105.3	ATF1_peak_529
chr7	72924948	72925142	195	72925041	70.95	84.576	25.6952	78.4224	ATF1_peak_530
chr7	73683463	73683659	197	73683567	30.81	20.3845	7.95143	15.4289	ATF1_peak_531
chr7	74850951	74851138	188	74851027	26.14	16.4086	6.78455	11.5745	ATF1_peak_532
chr7	75442701	75442898	198	75442803	55.08	58.8473	18.6923	53.0595	ATF1_peak_533
chr7	76166527	76166707	181	76166616	40.14	31.2332	10.2852	25.9878	ATF1_peak_534
chr7	76627227	76627437	211	76627331	60.68	84.1327	30.839	77.9924	ATF1_peak_535
chr7	90346583	90346736	154	90346664	37.34	27.8561	9.58507	22.6894	ATF1_peak_536
chr7	94004300	94004433	134	94004370	24.27	25.6079	12.6356	20.5036	ATF1_peak_537
chr7	102396264	102396432	169	102396345	46.68	50.999	18.6232	45.3584	ATF1_peak_538
chr7	107563881	107564009	129	107563933	35.47	18.5163	6.07888	13.616	ATF1_peak_539
chr7	107891076	107891223	148	107891149	32.67	11.9912	4.20909	7.3417	ATF1_peak_540
chr7	124929790	124929945	156	124929863	29.87	19.8505	7.95676	14.9128	ATF1_peak_541
chr7	127585561	127585681	121	127585626	24.27	18.9087	8.65451	13.9942	ATF1_peak_542
chr7	129952896	129953065	170	129952967	40.14	36.727	13.0192	31.35	ATF1_peak_543
chr7	139341665	139341803	139	139341716	28.01	15.1622	5.80104	10.377	ATF1_peak_544
chr7	140696586	140696711	126	140696665	26.14	18.7748	7.98182	13.867	ATF1_peak_545
chr7	140924951	140925102	152	140925049	50.41	29.0576	7.3442	23.8646	ATF1_peak_546
chr7	151227307	151227428	122	151227365	39.21	19.323	5.7439	14.4044	ATF1_peak_547
chr7	152676196	152676372	177	152676290	46.68	50.999	18.6232	45.3584	ATF1_peak_548
chr7	155070039	155070222	184	155070117	28.01	23.0554	9.6684	18.0209	ATF1_peak_549
chr7	156893204	156893368	165	156893292	40.14	31.2332	10.2852	25.9878	ATF1_peak_550
chr7	158109813	158109975	163	158109888	17.74	21.7414	12.6599	16.7489	ATF1_peak_551
chr7	158829527	158829735	209	158829641	36.41	32.5444	12.3049	27.2668	ATF1_peak_552
chr7_KI270809v1_alt	114081	114254	174	114177	62.54	45.3983	10.5908	39.862	ATF1_peak_553
chr8	2127595	2127714	120	2127652	15.87	13.7287	8.43481	8.99028	ATF1_peak_554
chr8	3183188	3183314	127	3183233	15.87	9.31879	5.62321	4.78968	ATF1_peak_555
chr8	9555836	9556008	173	9555912	16.8	11.9063	6.95435	7.26049	ATF1_peak_556
chr8	10839798	10839980	183	10839891	58.81	63.2351	19.937	57.3813	ATF1_peak_557
chr8	17246781	17246951	171	17246855	51.34	44.374	13.0857	38.8536	ATF1_peak_558
chr8	22109698	22109845	148	22109756	23.34	17.4005	8.11256	12.5346	ATF1_peak_559
chr8	23528710	23528829	120	23528773	14.94	14.1483	9.01364	9.40327	ATF1_peak_560
chr8	37736496	37736664	169	37736570	24.27	26.0345	12.8935	20.9181	ATF1_peak_561
chr8	41529150	41529275	126	41529205	14.94	15.3233	9.7409	10.5282	ATF1_peak_562
chr8	42338388	42338519	132	42338450	20.54	17.7228	9.28326	12.8465	ATF1_peak_563
chr8	65842503	65842633	131	65842583	24.27	14.5125	6.31779	9.74927	ATF1_peak_564
chr8	100150549	100150683	135	100150616	21.47	23.0653	12.2123	18.0302	ATF1_peak_565
chr8	124474573	124474777	205	124474662	46.68	58.3009	22.9208	52.5266	ATF1_peak_566
chr8	125091732	125091894	163	125091827	22.4	16.3197	7.80139	11.4899	ATF1_peak_567
chr8	141716040	141716181	142	141716123	23.34	17.4005	8.11256	12.5346	ATF1_peak_568
chr8	143541379	143541634	256	143541453	16.8	21.3371	12.6443	16.3643	ATF1_peak_569
chr8	144456621	144456792	172	144456734	14	12.5229	7.5013	7.83588	ATF1_peak_570
chr8	144456870	144457223	354	144457133	26.14	30.433	14.749	25.203	ATF1_peak_571
chr8	144517879	144518012	134	144517941	17.74	16.2172	9.36831	11.3959	ATF1_peak_572
chr8	145052382	145052567	186	145052474	36.41	42.3586	17.984	36.8713	ATF1_peak_573
chr8_KI270816v1_alt	31446	31607	162	31490	15.87	13.7287	8.43481	8.99028	ATF1_peak_574
chr9	178999	179153	155	179071	25.2	28.9255	14.2417	23.7381	ATF1_peak_575
chr9	2844199	2844383	185	2844300	31.74	35.8411	16.3696	30.484	ATF1_peak_576
chr9	6015568	6015737	170	6015661	36.41	39.2354	16.1236	33.8145	ATF1_peak_577
chr9	26892743	26892884	142	26892803	12.14	15.1574	9.39658	10.3747	ATF1_peak_578
chr9	33001590	33001715	126	33001639	25.2	24.0222	11.2951	18.9643	ATF1_peak_579
chr9	33290321	33290512	192	33290397	34.54	24.5802	8.88494	19.5032	ATF1_peak_580
chr9	36258412	36258578	167	36258483	14	12.5229	7.5013	7.83588	ATF1_peak_581
chr9	41189288	41189463	176	41189372	32.67	22.4566	8.41819	17.4459	ATF1_peak_582
chr9	65675784	65675926	143	65675874	28.01	29.1537	13.1842	23.9524	ATF1_peak_583
chr9	68241833	68242003	171	68241916	36.41	36.6524	14.612	31.2799	ATF1_peak_584
chr9	68779908	68780041	134	68779975	28.94	18.3673	7.48468	13.4733	ATF1_peak_585
chr9	89318387	89318575	189	89318462	27.07	21.8929	9.35723	16.8924	ATF1_peak_586
chr9	92115317	92115529	213	92115425	90.55	98.0014	22.8875	91.6323	ATF1_peak_587
chr9	94374271	94374405	135	94374365	24.27	14.5125	6.31779	9.74927	ATF1_peak_588
chr9	96417409	96417549	141	96417474	30.81	31.965	14.4571	26.6949	ATF1_peak_589
chr9	97013682	97013802	121	97013765	20.54	20.1225	10.7686	15.1768	ATF1_peak_590
chr9	108934050	108934200	151	108934108	26.14	20.7457	9.04606	15.7791	ATF1_peak_591
chr9	120793373	120793509	137	120793427	19.6	10.0802	5.15091	5.5245	ATF1_peak_592
chr9	122264729	122264960	232	122264841	59.74	37.792	8.67778	32.3952	ATF1_peak_593
chr9	124110433	124110559	127	124110496	28.94	18.3673	7.48468	13.4733	ATF1_peak_594
chr9	124941015	124941164	150	124941099	27.07	29.9032	14.0358	24.6886	ATF1_peak_595
chr9	126082789	126082975	187	126082880	45.74	76.3195	33.4369	70.2997	ATF1_peak_596
chr9	128160276	128160438	163	128160362	36.41	22.5515	7.48135	17.5386	ATF1_peak_597
chr9	129777234	129777357	124	129777291	24.27	14.5125	6.31779	9.74927	ATF1_peak_598
chr9	129835230	129835446	217	129835294	22.4	10.2238	4.68083	5.65616	ATF1_peak_599
chr9	131125449	131125720	272	131125571	191.37	98.9429	7.3988	92.5537	ATF1_peak_600
chr9	132079851	132079984	134	132079899	18.67	20.0926	11.4361	15.1511	ATF1_peak_601
chr9	132878221	132878395	175	132878318	28.01	35.3861	16.8635	30.0416	ATF1_peak_602
chr9	135961388	135961514	127	135961447	14	11.6627	6.97147	7.02412	ATF1_peak_603
chr9	136483021	136483184	164	136483110	19.6	23.4158	13.0734	18.3739	ATF1_peak_604
chr9	136866360	136866547	188	136866462	38.27	46.7329	19.6369	41.1742	ATF1_peak_605
chr9	137188489	137188709	221	137188601	113.89	119.492	22.9776	112.727	ATF1_peak_606
chr9	137205574	137205750	177	137205655	44.81	56.5026	22.9042	50.7549	ATF1_peak_607
chr9_KI270718v1_random	58	257	200	157	49.48	64.9088	25.2379	59.0325	ATF1_peak_608
chrUn_GL000216v2	164405	164530	126	164478	42.01	11.4509	3.30829	6.81699	ATF1_peak_609
chrUn_GL000219v1	99757	99886	130	99814	23.34	12.8868	5.74002	8.18724	ATF1_peak_610
chrUn_GL000220v1	104521	104752	232	104529	17.74	8.44714	4.68416	3.97494	ATF1_peak_611
chrUn_GL000220v1	106297	106462	166	106377	12.14	9.19604	5.93833	4.68998	ATF1_peak_612
chrUn_GL000220v1	148415	148684	270	148644	16.8	12.6205	7.40563	7.93023	ATF1_peak_613
chrX	386895	387063	169	386983	16.8	21.5178	12.7355	16.5326	ATF1_peak_614
chrX	7927388	7927520	133	7927456	17.74	18.6703	10.8934	13.7643	ATF1_peak_615
chrX	19343832	19343993	162	19343928	25.2	37.1775	18.7456	31.7898	ATF1_peak_616
chrX	24693715	24693880	166	24693776	26.14	20.7457	9.04606	15.7791	ATF1_peak_617
chrX	41084725	41084844	120	41084792	15.87	11.9298	7.27139	7.28208	ATF1_peak_618
chrX	47659115	47659239	125	47659173	21.47	18.1642	9.20929	13.2802	ATF1_peak_619
chrX	48801317	48801730	414	48801402	26.14	20.7457	9.04606	15.7791	ATF1_peak_620
chrX	49123812	49123943	132	49123899	17.74	16.2172	9.36831	11.3959	ATF1_peak_621
chrX	52958539	52958664	126	52958584	18.67	12.1886	6.55671	7.52244	ATF1_peak_622
chrX	68498896	68499064	169	68498991	16.8	14.9606	8.90156	10.1824	ATF1_peak_623
chrX	119565319	119565487	169	119565409	42.01	40.6853	14.3359	35.2284	ATF1_peak_624
chrX	149938562	149938719	158	149938635	20.54	19.4537	10.3544	14.5274	ATF1_peak_625
chrX	153470875	153471042	168	153470961	28.01	37.632	18.1283	32.2383	ATF1_peak_626
chrX	153875473	153875609	137	153875543	21.47	21.4658	11.2353	16.4818	ATF1_peak_627
chrX_KI270880v1_alt	70261	70404	144	70337	19.6	18.7993	10.3018	13.887	ATF1_peak_628
chrX_KI270913v1_alt	59400	59519	120	59462	14.94	18.2816	11.3999	13.3945	ATF1_peak_629
